sampleID	B_cell	T_cell.CD4	T_cell.CD8	Neutrophil	Macrophage	DC
MB.0316	0.119515511	0.158643272	0.21167221	0.136101803	0.045463617	0.518496257
MB.0658	0.09315282	0.131848275	0.227407253	0.125790701	0.065625684	0.524245725
MB.0420	0.06441717	0.105676942	0.179295042	0.123325301	0.072081796	0.502347072
MB.0906	0.12673814	0.136116538	0.219520891	0.138720863	0.078224737	0.535779332
MB.0249	0.067743805	0.111796364	0.170332221	0.11667756	0.075308103	0.50056815
MB.0660	0.069555967	0.104354603	0.169418231	0.115455588	0.086798358	0.475844906
MB.0653	0.066752932	0.094502822	0.178090759	0.114848335	0.074924956	0.456224014
MB.0540	0.198925069	0.297348312	0.270182774	0.14675553	0.058921104	0.59514402
MB.0157	0.082398182	0.127144683	0.216258439	0.139956742	0.057562822	0.541730729
MB.0292	0.063149066	0.102643827	0.156741989	0.111984645	0.076454537	0.466693432
MB.0401	0.069204215	0.105706945	0.19053648	0.117259706	0.06765601	0.491030623
MB.0453	0.061242125	0.095364273	0.185684072	0.113153882	0.056066362	0.471799885
MB.0372	0.087523434	0.107368215	0.197752266	0.123777127	0.043504251	0.511241808
MB.0164	0.071428183	0.137008528	0.174200329	0.152016169	0.076019406	0.536679131
MB.0516	0.068938622	0.10185754	0.157697041	0.13189267	0.046171409	0.498732458
MB.0494	0.079722475	0.116184664	0.202104924	0.147329489	0.094730119	0.540331516
MB.0221	0.111412288	0.10622314	0.192273454	0.102883794	0.072825951	0.459741423
MB.0659	0.076862099	0.0872047	0.155993024	0.094779326	0.041983242	0.419679903
MB.0432	0.073099852	0.135796903	0.232349792	0.142120037	0.186895731	0.603372242
MB.0352	0.090747076	0.12675577	0.254808864	0.136656451	0.094805438	0.54396278
MB.0158	0.098130577	0.11317555	0.202761655	0.120471916	0.072056159	0.49899328
MB.0400	0.064895399	0.115886384	0.17746051	0.122845024	0.078590416	0.506235824
MB.0500	0.066086578	0.127947097	0.134819267	0.123453024	0.055807026	0.475009967
MB.0206	0.079588849	0.124811398	0.247678421	0.154194013	0.075893674	0.548224168
MB.0635	0.066943169	0.128559059	0.235284438	0.149138267	0.169849377	0.620450888
MB.0581	0.062690531	0.121387863	0.124573775	0.113985114	0.046575121	0.461038258
MB.0613	0.057249134	0.118925858	0.210026468	0.139294169	0.142835883	0.520927212
MB.0214	0.074670551	0.114242304	0.185886577	0.12204431	0.035859735	0.51966648
MB.0664	0.066657695	0.138085503	0.137746258	0.133117535	0.027918188	0.491094301
MB.0446	0.061238527	0.122819583	0.173559006	0.149993043	0.096858535	0.536710638
MB.0424	0.070881628	0.114932569	0.215420699	0.131438006	0.143300187	0.512071049
MB.0115	0.098074183	0.126272092	0.174078969	0.116568882	0.032244894	0.477310865
MB.0354	0.10640455	0.147186181	0.299301743	0.149677305	0.078295403	0.576222533
MB.0608	0.156015503	0.102300095	0.218453199	0.135452998	0.076221749	0.501226919
MB.0893	0.060148861	0.120502298	0.26364834	0.151326806	0.160948602	0.617080237
MB.0294	0.081931764	0.135273583	0.191444264	0.127565977	0.060845263	0.513358431
MB.0481	0.084192996	0.114765387	0.176267536	0.117093247	0.060219107	0.480851317
MB.0220	0.146924336	0.198651341	0.260687792	0.139552057	0.071564933	0.573849567
MB.0238	0.117877514	0.126016163	0.216068368	0.137957124	0.051658167	0.512518628
MB.0525	0.057234242	0.117674556	0.142790424	0.118638851	0.043065318	0.470695848
MB.0869	0.057898276	0.111955339	0.181456355	0.130592047	0.030487026	0.501395847
MB.4622	0.091344058	0.12328563	0.237923243	0.125322492	0.057662209	0.529966545
MB.4640	0.072630403	0.114855591	0.175872933	0.103213903	0.072091718	0.443043772
MB.4667	0.121127627	0.154684836	0.254508848	0.122802874	0.059646428	0.505620073
MB.4717	0.074363789	0.113474611	0.13877738	0.113588992	0.058561864	0.454841365
MB.4757	0.087678517	0.138942534	0.176169322	0.1175195	0.04667599	0.495572879
MB.4715	0.078953664	0.126115538	0.169676583	0.122993271	0.0230179	0.494141474
MB.5281	0.082790182	0.105395692	0.152502425	0.097904869	0.048715167	0.439768947
MB.4982	0.080706929	0.127722108	0.170498483	0.112733846	0.047788875	0.460463368
MB.5323	0.177099504	0.181958151	0.246743678	0.144546145	0.058899958	0.552711774
MB.4911	0.068140267	0.132989978	0.146092561	0.126573164	0.029444299	0.498212633
MB.4888	0.090740597	0.129529745	0.193983566	0.130775312	0.053747533	0.516321457
MB.4945	0.097974348	0.138314312	0.169528239	0.108389979	0.029993122	0.476194817
MB.5052	0.154713563	0.161235876	0.25674649	0.136110853	0.073233527	0.540075038
MB.5041	0.126964786	0.194541759	0.267238481	0.13984447	0.054937435	0.567790104
MB.5072	0.08007695	0.093034299	0.175964171	0.098460187	0.080311202	0.44753065
MB.5115	0.096985681	0.124501977	0.154617063	0.10966392	0.036421485	0.461619567
MB.4733	0.14306562	0.167708305	0.229044062	0.125370295	0.051540813	0.527893018
MB.4758	0.076989037	0.095498746	0.159413294	0.105787723	0.008691467	0.455533949
MB.4732	0.097260451	0.124847154	0.191751999	0.122412545	0.032933056	0.497804859
MB.5236	0.144116853	0.177177778	0.165575799	0.121914411	0.030293238	0.495784767
MB.4993	0.088243539	0.105489498	0.182082637	0.108320808	0.064431944	0.479829537
MB.5222	0.177454993	0.170302351	0.253879417	0.13734915	0.055103501	0.560357897
MB.5232	0.092881663	0.134521386	0.186942947	0.123699599	0.059682829	0.497645211
MB.5126	0.128103912	0.149516502	0.192381539	0.112868554	0.027033732	0.498277708
MB.5145	0.134651406	0.129128607	0.193260612	0.124228391	0.0349622	0.484642642
MB.4938	0.066179605	0.115131469	0.151833364	0.114430767	0.046759758	0.47114449
MB.5070	0.137897762	0.139112665	0.168697694	0.133085201	0.064525802	0.508299219
MB.4992	0.074186668	0.108570566	0.176249069	0.11495726	0.042877119	0.44862594
MB.5392	0.087787606	0.152120171	0.228694572	0.132529214	0.067110672	0.526823303
MB.5138	0.118512954	0.160895243	0.192602498	0.136100451	0.035083484	0.505803003
MB.5065	0.126634377	0.159246712	0.257056538	0.140789727	0.071220684	0.558987858
MB.5058	0.103732627	0.116458749	0.198234269	0.11335354	0.082071061	0.489744286
MB.5258	0.06614506	0.126479395	0.143145694	0.114398614	0.031617424	0.479325143
MB.5421	0.082223387	0.133547952	0.163114299	0.113338455	0.037998757	0.470559342
MB.5348	0.120104832	0.137167486	0.223775781	0.128319788	0.041228618	0.528444978
MB.5299	0.09209722	0.133740853	0.165747977	0.12095984	0.029861939	0.476400398
MB.5408	0.136318464	0.145471073	0.291216747	0.142529616	0.098240049	0.557184975
MB.5100	0.123117687	0.176166888	0.2243361	0.13099756	0.037110899	0.542513558
MB.5325	0.085117235	0.140822888	0.194318185	0.129925146	0.059733375	0.507212301
MB.5446	0.080194685	0.109194003	0.175043565	0.105751749	0.062534908	0.472455165
MB.5137	0.11784501	0.154458921	0.224180137	0.125629575	0.044102605	0.535446712
MB.5427	0.065698291	0.103482255	0.139410192	0.099780381	0.020307928	0.407528279
MB.5387	0.102861022	0.12448504	0.196654223	0.11701858	0.036593578	0.477818376
MB.5390	0.073535684	0.11452606	0.162271144	0.117135994	0.040861274	0.466822789
MB.5209	0.113300735	0.150868896	0.207184204	0.129224395	0.002755179	0.506169908
MB.5213	0.089427526	0.119020451	0.175311465	0.123599597	0.052241326	0.499608924
MB.5109	0.068971195	0.108460324	0.170824666	0.106210427	0.042570063	0.455563481
MB.5076	0.091110418	0.139683272	0.157510935	0.112722905	0.017929937	0.481109379
MB.5223	0.113615151	0.146491047	0.249316877	0.122507545	0.058575747	0.535108616
MB.5616	0.096157928	0.155077003	0.221654762	0.151895703	0.057601432	0.527278179
MB.5625	0.060402481	0.117524101	0.161108745	0.107457898	0.041283151	0.483020481
MB.5602	0.115312418	0.168301222	0.209275468	0.125310096	0.074880818	0.516803684
MB.5634	0.109017112	0.153001914	0.19430969	0.136647752	0.03112624	0.532700967
MB.5651	0.089816567	0.156885676	0.207335782	0.125475395	0.060846963	0.520310846
MB.5548	0.088581979	0.133947592	0.195663592	0.126144266	0.075752973	0.498398077
MB.5526	0.129081365	0.146208108	0.197090101	0.11606365	0.045314945	0.499774759
MB.5531	0.110198325	0.152852611	0.17510465	0.128371847	0.072011874	0.52169247
MB.5551	0.080312707	0.122918211	0.143850615	0.10657822	0.042197437	0.453849524
MB.5560	0.073390691	0.121887631	0.157260218	0.126798961	0.060392636	0.464125777
MB.5529	0.074111466	0.133544194	0.187792033	0.119180082	0.059607041	0.482579544
MB.4408	0.0989287	0.15979042	0.160690762	0.123788203	0.020240581	0.479726815
MB.4146	0.168656806	0.232539507	0.194118406	0.1280376	0.023043427	0.499324238
MB.2963	0.072244093	0.132010728	0.21375604	0.129222716	0.111940799	0.525977193
MB.2957	0.090204116	0.124530188	0.194964991	0.127281246	0.042791224	0.525640436
MB.3063	0.06143135	0.11820904	0.168567407	0.120408485	0.067826817	0.483796074
MB.3046	0.099545919	0.131166537	0.163956035	0.114700524	0.058622838	0.467041385
MB.3067	0.124447122	0.15409631	0.244199956	0.135744756	0.043955804	0.555064475
MB.2754	0.096392001	0.104561036	0.195945495	0.106586744	0.064245895	0.454042849
MB.2753	0.086209126	0.113451793	0.165362582	0.109370191	0.066672384	0.484390368
MB.3014	0.094255935	0.126563684	0.19020516	0.134667225	0.031198714	0.513757068
MB.3476	0.118149493	0.176544897	0.231574279	0.136085481	0.014080268	0.579100323
MB.3277	0.104975502	0.126243513	0.173339849	0.128699257	0.042802431	0.509051636
MB.3271	0.091255029	0.11966188	0.185633323	0.140009444	0.043563841	0.540236628
MB.3292	0.133089298	0.148480724	0.208432017	0.12932336	0.054845574	0.527840956
MB.2556	0.058071737	0.114005571	0.219741192	0.109565357	0.07112204	0.513171861
MB.2922	0.075263937	0.112579287	0.171797512	0.117969521	0.054284706	0.48247948
MB.2917	0.073126796	0.114201427	0.179857788	0.127978901	0.051287393	0.499750807
MB.3706	0.076201327	0.123666137	0.173741586	0.128626614	0.050066031	0.523268503
MB.3453	0.078567506	0.121105226	0.162767974	0.117895764	0.048706137	0.478279102
MB.2842	0.070011901	0.106649295	0.173138982	0.126740284	0.045317352	0.483893501
MB.2912	0.089647031	0.125316606	0.226491929	0.13000275	0.038634666	0.524561059
MB.2849	0.086731568	0.148482435	0.213521524	0.121137123	0.04237431	0.518620999
MB.3058	0.064640912	0.110179783	0.197611031	0.126146029	0.063095065	0.498778687
MB.3057	0.085897547	0.113045747	0.193954298	0.13730125	0.029705153	0.507822834
MB.3395	0.131210931	0.140647759	0.247653965	0.133390459	0.073398657	0.532443498
MB.3123	0.055664325	0.113473159	0.168441291	0.117287799	0.030175329	0.496364754
MB.2834	0.082626133	0.125051683	0.197403483	0.123015108	0.061327647	0.493019753
MB.2857	0.11317536	0.138084857	0.266004355	0.145701292	0.078007139	0.55652978
MB.2827	0.11087767	0.158081544	0.18875109	0.128194532	0.03211688	0.528782032
MB.3702	0.090430314	0.12962793	0.2074727	0.12726586	0.051118874	0.506798036
MB.3502	0.084889333	0.097573699	0.200488182	0.130992792	0.068173042	0.506827951
MB.3567	0.116152348	0.144389307	0.222094416	0.130050445	0.063628377	0.520431521
MB.3752	0.224176864	0.172499118	0.269646912	0.139294435	0.06229124	0.549073992
MB.0079	0.078799607	0.094339958	0.202464281	0.118290523	0.06865944	0.468915391
MB.0062	0.067679193	0.098920968	0.193795269	0.141608474	0.029599723	0.525336733
MB.4015	0.067079316	0.102270311	0.163411532	0.117948783	0.050410024	0.478230796
MB.2929	0.083244185	0.098376121	0.195439623	0.114304147	0.077626787	0.495473851
MB.2724	0.237632577	0.29338743	0.249550133	0.150075563	0.020584225	0.600924828
MB.3062	0.07373264	0.143782308	0.217309893	0.138060613	0.095735107	0.536010223
MB.4707	0.076866019	0.105446065	0.162200518	0.112069136	0.047322079	0.457977873
MB.3383	0.070651165	0.105572871	0.15491426	0.115433914	0.070251608	0.487664541
MB.3297	0.114158634	0.11911007	0.196247892	0.11785225	0.041815519	0.506524361
MB.7114	0.08775199	0.124913407	0.184439128	0.129686713	0.040554989	0.518798358
MB.7208	0.115982859	0.125147826	0.244659406	0.120447866	0.03779994	0.498663347
MB.7252	0.16851818	0.17351791	0.226397149	0.120761677	0.047245825	0.522216976
MB.3001	0.079410387	0.121889982	0.186146331	0.117660483	0.043763026	0.519503201
MB.7066	0.086424094	0.111314075	0.177395682	0.09448464	0.035302474	0.450342154
MB.7057	0.092819106	0.092792475	0.191932515	0.106160068	0.04061944	0.444425715
MB.7023	0.062464049	0.11129066	0.208607979	0.132459366	0.104564768	0.517669974
MB.7017	0.100164085	0.136785784	0.196878598	0.131409835	0.043269038	0.539150509
MB.3500	0.076109434	0.099309627	0.190094846	0.152235493	0.048339918	0.527364711
MB.3396	0.057508828	0.128019539	0.169432879	0.12408048	0.073320199	0.508085331
MB.7145	0.070184472	0.118530618	0.174665189	0.117517216	0.058047076	0.475719102
MB.7155	0.092514557	0.127206314	0.200506747	0.121820153	0.028751881	0.495482003
MB.3218	0.080384944	0.128332414	0.224013924	0.126192169	0.060028688	0.529351256
MB.7270	0.113536893	0.124320964	0.196419076	0.117481919	0.030211546	0.471034619
MB.7269	0.095360389	0.14527559	0.200802652	0.125504062	0.032098608	0.510565771
MB.7008	0.066365595	0.104443182	0.222541583	0.113391794	0.114192943	0.504559174
MB.7007	0.071321109	0.119911111	0.190927315	0.118998324	0.05307565	0.507582328
MB.7009	0.076475847	0.111473668	0.178864956	0.123905876	0.06217929	0.488217552
MB.3153	0.086273407	0.131444502	0.160694634	0.115937107	0.008116068	0.492397636
MB.3211	0.082109992	0.130642664	0.190504535	0.120120932	0.059197155	0.481022276
MB.7081	0.132131093	0.136256114	0.263657814	0.154908176	0.088219303	0.561842469
MB.7055	0.08257178	0.080574872	0.165305547	0.102951565	0.029417633	0.413173068
MB.7121	0.13144598	0.163500029	0.237559004	0.138237834	0.042009296	0.527580015
MB.2771	0.085101788	0.083244887	0.176809463	0.113479332	0.030566086	0.45912544
MB.7158	0.153128167	0.145887526	0.214441268	0.147425752	0.053161372	0.511534908
MB.7258	0.067806796	0.119996956	0.152087809	0.114747309	0.0198824	0.446188455
MB.2993	0.105133016	0.12485886	0.211363977	0.118324868	0.05418735	0.499694835
MB.2904	0.108077597	0.126854306	0.195015114	0.125559038	0.055165552	0.52986713
MB.7154	0.069391326	0.132270139	0.231360935	0.131364243	0.029562269	0.51211755
MB.7151	0.095491876	0.113453994	0.137998109	0.089238088	0.046052478	0.426353563
MB.7165	0.070556315	0.12299967	0.170021498	0.120243422	0.000261095	0.494569239
MB.2850	0.107974052	0.155049086	0.253717193	0.146626227	0.048907914	0.571235673
MB.7267	0.104005901	0.121464951	0.156688706	0.107293427	0.036736464	0.477435556
MB.2833	0.154386967	0.17149245	0.255244433	0.13405393	0.065222679	0.536954976
MB.7052	0.123129543	0.153572898	0.204452292	0.124899636	0.023711205	0.542216807
MB.7090	0.06695838	0.111606486	0.154202883	0.108788769	0.015270375	0.45667276
MB.7087	0.077507415	0.117153629	0.181555263	0.123522685	0.029270144	0.503129201
MB.7025	0.075416891	0.15523073	0.24088386	0.141093474	0.120727454	0.562682614
MB.7036	0.066788292	0.122055992	0.174683403	0.12963343	0.039933188	0.515464359
MB.4769	0.065581255	0.10502546	0.156807366	0.114244399	0.036914942	0.4694459
MB.4793	0.071917967	0.132137703	0.176468764	0.128753292	0.041143042	0.486268971
MB.4679	0.118604516	0.137620488	0.202331416	0.132714754	0.033223833	0.515282389
MB.4660	0.098025093	0.113910941	0.156758779	0.108762468	0	0.432327179
MB.2718	0.083357444	0.130185609	0.197389159	0.13682165	0.025392596	0.537188711
MB.2643	0.057517011	0.157515672	0.20007889	0.140175516	0.144629912	0.629544848
MB.6305	0.08670035	0.136686436	0.241571101	0.144888961	0.062733903	0.545746607
MB.6248	0.104457006	0.119182309	0.184491357	0.145456916	0.053886123	0.499901792
MB.6223	0.13985135	0.154788112	0.220585604	0.126912746	0.064095069	0.498649265
MB.6188	0.089129915	0.124387685	0.237918804	0.134392729	0.070816102	0.516992685
MB.6318	0.094076484	0.12226549	0.180348858	0.120905794	0.070629566	0.481233135
MB.6280	0.077411675	0.127297404	0.178407635	0.13687875	0.039797735	0.513078575
MB.6098	0.069329467	0.119298558	0.137074213	0.112701931	0.010061587	0.490416732
MB.4974	0.075852198	0.116150796	0.219216421	0.134413677	0.056139756	0.517629944
MB.4696	0.090848825	0.120861616	0.195216789	0.121287334	0.065619031	0.50840792
MB.4714	0.143103428	0.146173309	0.168042689	0.112235058	0.0376602	0.472869653
MB.4881	0.089708717	0.132332548	0.16457287	0.119260207	0.034472655	0.475932265
MB.4904	0.167859361	0.171433869	0.269125177	0.132987704	0.040544169	0.543568585
MB.4865	0.09650229	0.129627354	0.192027334	0.122548942	0.060217575	0.504044879
MB.4416	0.094755136	0.150785728	0.18239533	0.136433169	0.061101696	0.501464904
MB.4407	0.083006128	0.134890147	0.126234829	0.119112612	0.011371124	0.465551785
MB.4254	0.097844801	0.127992421	0.201575434	0.136625464	0.038632742	0.531044295
MB.4621	0.05899566	0.099840155	0.144856082	0.105062621	0.001180002	0.441685425
MB.4893	0.112231326	0.172367649	0.235290227	0.137961873	0.047372039	0.556616133
MB.4859	0.136780409	0.219882296	0.21267117	0.122893924	0.037139724	0.559966026
MB.4942	0.121589738	0.169941533	0.234904174	0.135020492	0.042364064	0.533331955
MB.4928	0.097085202	0.139428324	0.181598036	0.112431556	0.047950672	0.493308081
MB.4792	0.072052866	0.115389745	0.157134462	0.117205001	0.039708037	0.482884502
MB.5008	0.091187683	0.099131487	0.158720513	0.098236848	0.019037994	0.420480153
MB.6152	0.111250813	0.147155869	0.208884471	0.137646411	0.0573045	0.538882882
MB.5295	0.068402569	0.118639647	0.141229702	0.108988713	0.035964141	0.456378785
MB.6058	0.079731569	0.142099966	0.206702769	0.138892877	0.062398461	0.532877894
MB.6052	0.096447773	0.146237345	0.231506593	0.125787892	0.048057125	0.541029633
MB.5335	0.073900069	0.111333598	0.143308819	0.099191691	0.037508656	0.439926087
MB.5135	0.079480431	0.098066511	0.132276534	0.108054995	0.013103967	0.458185692
MB.4880	0.07856048	0.132756532	0.178971083	0.11864979	0.032937461	0.475264054
MB.5057	0.085458877	0.117734815	0.187115694	0.112430102	0.03890053	0.497821122
MB.5102	0.078086646	0.102192388	0.165823133	0.106174442	0.061455666	0.452989187
MB.6272	0.104464978	0.13179414	0.179029055	0.12276539	0.039571912	0.500277142
MB.6245	0.107213541	0.148882547	0.141882552	0.106011547	0.014400287	0.458172044
MB.4303	0.079959557	0.132969824	0.182762071	0.117999393	0.024074157	0.470836843
MB.6055	0.112715646	0.143554296	0.217825174	0.15156394	0.055405748	0.544109855
MB.6336	0.119094054	0.145837845	0.196240776	0.125233802	0.015707168	0.497508241
MB.4351	0.085608792	0.150432277	0.169630111	0.11528797	0.030715915	0.468328578
MB.5255	0.224109754	0.205782247	0.230828596	0.132987694	0.083651291	0.541624446
MB.5208	0.088863062	0.114330758	0.178032546	0.108990188	0.050423074	0.471003861
MB.5440	0.114901591	0.127831635	0.237017982	0.139524184	0.047702686	0.534546452
MB.5298	0.110390592	0.153800003	0.180444145	0.122184226	0.033491255	0.503298573
MB.6144	0.174442256	0.188045823	0.19499529	0.139719817	0.066028402	0.545369713
MB.5346	0.080456476	0.102425	0.175011538	0.109685658	0.012681195	0.48557999
MB.6178	0.092571906	0.142747862	0.172950057	0.127904379	0.034441862	0.508808287
MB.6062	0.093578455	0.138406571	0.280169173	0.149178119	0.060908782	0.582396641
MB.4417	0.081233894	0.132585905	0.167447389	0.127828056	0.026287951	0.500141106
MB.4332	0.090656228	0.133841043	0.161268433	0.117150887	0	0.469938804
MB.7205	0.094317291	0.13051572	0.181629126	0.119251249	0.061984534	0.506102557
MB.7159	0.083592781	0.079062676	0.144214251	0.106103832	0.03348895	0.404446733
MB.4354	0.085674383	0.143878408	0.195837499	0.111574948	0.041430641	0.469813399
MB.6143	0.075163012	0.104293912	0.175512881	0.112547181	0.055077606	0.464982327
MB.5148	0.173421362	0.146560607	0.16512269	0.110791881	0.074585004	0.467989755
MB.5225	0.075534141	0.141577275	0.221227594	0.125814607	0.050637569	0.512300027
MB.4024	0.077096508	0.116026004	0.136843977	0.112500701	0.038679288	0.444540175
MB.6242	0.085196892	0.115337846	0.212719125	0.125200954	0.047557071	0.50328912
MB.6237	0.06800524	0.114044695	0.186886324	0.117054855	0.063697513	0.475563773
MB.5173	0.059978585	0.106187352	0.170420709	0.119160259	0.045384836	0.4911064
MB.5162	0.057110541	0.13660392	0.173729692	0.129826432	0.106800117	0.557614265
MB.5235	0.102410817	0.124853182	0.160217044	0.098657622	0.031208443	0.456163095
MB.4931	0.136895061	0.13589743	0.288893653	0.137335039	0.081399717	0.530417531
MB.7045	0.091976919	0.1065001	0.220212826	0.110706904	0.079641304	0.50483377
MB.7049	0.109377393	0.098630838	0.170672854	0.091569182	0.020644077	0.420143092
MB.7031	0.088551904	0.121210396	0.155712943	0.109954726	0.039461059	0.474550233
MB.7078	0.046628968	0.095752058	0.210983734	0.121889793	0.072088167	0.527875248
MB.7038	0.087339825	0.105507563	0.202902431	0.10496351	0.059175053	0.464524536
MB.0435	0.069716911	0.125120078	0.219260741	0.150005539	0.149080295	0.6010703
MB.0399	0.060600033	0.110768702	0.183114143	0.11368725	0.08886073	0.483263624
MB.0265	0.082887047	0.109153165	0.268775968	0.129397326	0.096506299	0.509594923
MB.0191	0.090669015	0.144163663	0.141454763	0.125856146	0.056932754	0.506380946
MB.0558	0.081910174	0.108558438	0.178283458	0.13506383	0.044659506	0.512380751
MB.0284	0.073378267	0.112594719	0.22383857	0.128624631	0.079034819	0.503012338
MB.0639	0.066678989	0.107645339	0.176372154	0.122083003	0.070788224	0.474416561
MB.0318	0.07298937	0.088518583	0.172047642	0.095197483	0.017849974	0.431376739
MB.6251	0.066497806	0.111380648	0.158742163	0.11074992	0.048303177	0.465828859
MB.0489	0.22439796	0.244886781	0.236800236	0.140633399	0.069756144	0.55583472
MB.0876	0.077217983	0.125667748	0.268070656	0.154153218	0.124099933	0.562137576
MB.5450	0.097237464	0.130531713	0.195698481	0.122910311	0.040364709	0.508840826
MB.5155	0.075357972	0.11661719	0.158739671	0.108226375	0.056226382	0.454452931
MB.0100	0.089627648	0.121932559	0.196081368	0.112940819	0.038326968	0.509305587
MB.5572	0.159333482	0.192227997	0.275424453	0.153108882	0.049686961	0.576072742
MB.5655	0.086733258	0.107525648	0.163937084	0.10995374	0.005640039	0.468513967
MB.5577	0.144752526	0.178060686	0.275141904	0.141299819	0.066050377	0.55036038
MB.0333	0.049379059	0.096696529	0.191923498	0.152450476	0.065433666	0.540494251
MB.0210	0.062038597	0.145184178	0.223396957	0.151776261	0.152600654	0.641843769
MB.0200	0.07033804	0.094640605	0.182553473	0.108344866	0.050806893	0.474498826
MB.5633	0.18335921	0.206264104	0.207541591	0.148549925	0.049063756	0.549923161
MB.0278	0.060321861	0.079670843	0.166509609	0.110811479	0.030864261	0.428659194
MB.0627	0.085664999	0.119780859	0.2534505	0.136389793	0.111568636	0.530492366
MB.0634	0.109011189	0.13814252	0.252060491	0.125771618	0.099746982	0.527061458
MB.0885	0.070269968	0.107151534	0.171751196	0.100098462	0.08580896	0.440483972
MB.5624	0.146457279	0.143801889	0.163128614	0.12444694	0.043942532	0.493032335
MB.5566	0.115307453	0.171475778	0.159477556	0.128534941	0.018926807	0.493140579
MB.0127	0.071584706	0.107184359	0.189957926	0.127079638	0.075387475	0.47451328
MB.0414	0.08065875	0.12401537	0.252660405	0.140723823	0.050260911	0.517041882
MB.0259	0.070352038	0.10816499	0.156096527	0.108493085	0.051880107	0.45676057
MB.0396	0.077523948	0.117398373	0.206319839	0.125348815	0.020754456	0.50262033
MB.0874	0.061016101	0.097298204	0.181732351	0.122639762	0.030993122	0.503827751
MB.0179	0.095395143	0.182731201	0.2802719	0.145374016	0.081043697	0.572067164
MB.0269	0.055150409	0.114754683	0.213840737	0.152564357	0.133408418	0.557190278
MB.0582	0.081373471	0.093768693	0.134170337	0.113571254	0.039524546	0.429373126
MB.0901	0.063075643	0.10867071	0.207882264	0.126048699	0.060193476	0.513502673
MB.0499	0.07594163	0.11856514	0.243598585	0.145968599	0.143093133	0.590696078
MB.0403	0.098300779	0.11456871	0.242771369	0.142892607	0.107924122	0.557096504
MB.0464	0.125143357	0.116039484	0.209207402	0.110934496	0.054238087	0.486924864
MB.0163	0.084474643	0.095366638	0.168110073	0.103698148	0.050266323	0.45015536
MB.0149	0.075908629	0.100421746	0.134600299	0.110797939	0.025379064	0.434642327
MB.0153	0.056116913	0.105553899	0.182425747	0.109428814	0.078820101	0.446836387
MB.0350	0.057094154	0.107972921	0.151842877	0.101722812	0.04847184	0.449827653
MB.0020	0.079951705	0.100772038	0.191005394	0.105294705	0.060690739	0.443748812
MB.0495	0.054595098	0.109467609	0.18003722	0.131856628	0.09788803	0.496060246
MB.0470	0.070075403	0.091044715	0.167039975	0.098057777	0.027305243	0.394936039
MB.0303	0.101912381	0.122336939	0.226549399	0.143028391	0.076935425	0.528209217
MB.0340	0.066469341	0.130785752	0.161899999	0.163025964	0.017436798	0.518825932
MB.0502	0.063951034	0.133473909	0.239643265	0.151709605	0.163935792	0.62135788
MB.0289	0.059135425	0.128337667	0.22058275	0.140030672	0.148168531	0.59262727
MB.0436	0.068503954	0.113782633	0.16184893	0.122119765	0.090428881	0.490369199
MB.0299	0.070426051	0.107389373	0.156482643	0.118327605	0.053115713	0.468206833
MB.0211	0.059142409	0.111949408	0.183344656	0.129200975	0.092399256	0.501170508
MB.0110	0.048032524	0.100598226	0.221947796	0.112383537	0.061705281	0.454806656
MB.0588	0.098784395	0.113590131	0.207757702	0.107788693	0.059744883	0.491744916
MB.0188	0.091945181	0.106128415	0.252136088	0.132077111	0.080614421	0.478774335
MB.0617	0.071793882	0.111963275	0.253927218	0.136506185	0.107502236	0.506657073
MB.7225	0.100399233	0.09661296	0.154077768	0.111848339	0.019465712	0.45583266
MB.7089	0.096712172	0.123508677	0.250887588	0.129726085	0.041225864	0.541153808
MB.7030	0.087688256	0.104115975	0.186752539	0.111063498	0.068553939	0.465963189
MB.7119	0.116490553	0.127920804	0.218582201	0.124229643	0.056906795	0.47879706
MB.7012	0.070022484	0.107144737	0.149057247	0.130712914	0.035324935	0.470560638
MB.0174	0.060294503	0.137670657	0.176412051	0.159272403	0.112031465	0.514725177
MB.7039	0.079901259	0.121920552	0.201463518	0.115521708	0.073305625	0.486517781
MB.5547	0.07613346	0.097811405	0.152440643	0.102065659	0.02398049	0.427553624
MB.5465	0.08182022	0.11045091	0.170663367	0.115417577	0.055658474	0.477795892