sampleID	B_cell	T_cell.CD4	T_cell.CD8	Neutrophil	Macrophage	DC
Pt101_On	0.134227	0.154658	0.200384	0.121474	0.032764	0.519809
Pt101_Pre	0.138634	0.153825	0.199936	0.122553	0.032635	0.518600
Pt103_On	0.099002	0.122801	0.189085	0.117072	0.034571	0.501882
Pt103_Pre	0.112230	0.131384	0.204933	0.119430	0.046118	0.522161
Pt105_On	0.104953	0.130454	0.210719	0.120323	0.040579	0.508761
Pt106_On	0.095456	0.125184	0.193514	0.118416	0.040646	0.503388
Pt106_Pre	0.096205	0.128519	0.193376	0.118027	0.042571	0.504373
Pt108_On	0.105846	0.126458	0.198957	0.121493	0.045800	0.507905
Pt109_On	0.106737	0.125633	0.196325	0.117456	0.046022	0.500045
Pt109_On.2	0.105752	0.124385	0.194025	0.117373	0.043543	0.498814
Pt10_On	0.100327	0.121233	0.192748	0.120049	0.047827	0.505696
Pt10_Pre	0.103525	0.115670	0.184627	0.117859	0.042257	0.492048
Pt11_On	0.101524	0.126557	0.205077	0.119878	0.039348	0.515390
Pt11_Pre	0.099684	0.126448	0.203371	0.119823	0.040793	0.514844
Pt13_On	0.104766	0.127790	0.207122	0.120235	0.044414	0.509092
Pt16_On	0.098964	0.114106	0.181114	0.117736	0.043751	0.487915
Pt17_On	0.094603	0.112153	0.185055	0.118389	0.045509	0.482295
Pt17_Pre	0.095182	0.111995	0.184642	0.118293	0.044603	0.484426
Pt18_On	0.136692	0.145798	0.206472	0.120030	0.037991	0.516125
Pt18_Pre	0.125958	0.134708	0.200008	0.122252	0.038038	0.509426
Pt1_On	0.099789	0.124365	0.197965	0.118218	0.040542	0.499576
Pt1_Pre	0.105583	0.129895	0.203410	0.119372	0.041900	0.511988
Pt23_On	0.106064	0.128865	0.205465	0.118709	0.041412	0.505104
Pt23_Pre	0.103927	0.128226	0.198734	0.120768	0.044541	0.510218
Pt24_Pre	0.111975	0.126433	0.202923	0.124512	0.055498	0.521626
Pt26_On	0.095864	0.118038	0.187705	0.119724	0.034857	0.492710
Pt26_Pre	0.101630	0.118486	0.192270	0.118847	0.037203	0.492249
Pt27_On	0.100952	0.122247	0.201447	0.119655	0.046739	0.506584
Pt27_Pre	0.105059	0.122717	0.199640	0.121857	0.044308	0.500266
Pt28_On	0.107875	0.129593	0.210984	0.118544	0.040984	0.511320
Pt28_Pre	0.107732	0.118728	0.203257	0.116980	0.039345	0.500730
Pt29_Pre	0.107355	0.123831	0.192943	0.118789	0.045039	0.503033
Pt2_On	0.095823	0.125402	0.201740	0.121045	0.042003	0.513082
Pt2_Pre	0.098966	0.129182	0.202285	0.121157	0.043281	0.515178
Pt30_On	0.108858	0.139320	0.212640	0.124360	0.054793	0.523799
Pt30_Pre	0.100999	0.117944	0.191557	0.117804	0.036154	0.495553
Pt31_On	0.109861	0.130683	0.203366	0.120109	0.043445	0.511130
Pt31_Pre	0.108833	0.127796	0.197965	0.118421	0.039381	0.504419
Pt32_On	0.059291	0.000000	0.242422	0.566591	0.000000	0.489826
Pt34_On	0.105441	0.133156	0.208112	0.122673	0.061376	0.521435
Pt34_Pre	0.105509	0.129685	0.211114	0.122086	0.058867	0.520337
Pt35_On	0.102264	0.131263	0.207381	0.118971	0.047285	0.509642
Pt36_On	0.105366	0.129286	0.198583	0.119978	0.045832	0.515810
Pt36_Pre	0.098313	0.127509	0.190378	0.121341	0.061490	0.507316
Pt37_On	0.095053	0.125769	0.198156	0.126333	0.033965	0.513675
Pt37_On.2	0.097386	0.131688	0.190150	0.131899	0.036717	0.513029
Pt37_Pre	0.097700	0.128703	0.189171	0.117584	0.037287	0.504923
Pt37_Pre.2	0.097992	0.124014	0.195961	0.118486	0.038249	0.509219
Pt38_On	0.096958	0.119471	0.182533	0.117633	0.042271	0.491185
Pt38_Pre	0.096712	0.117259	0.181472	0.117325	0.040933	0.491294
Pt39_Pre	0.092014	0.109903	0.181829	0.118061	0.037955	0.484647
Pt3_On	0.107420	0.125213	0.195992	0.122493	0.032903	0.510549
Pt3_On.2	0.095748	0.127813	0.191614	0.124604	0.033252	0.513691
Pt3_Pre	0.096487	0.121232	0.184597	0.119755	0.035896	0.499091
Pt3_Pre.2	0.094893	0.121140	0.188290	0.120938	0.038220	0.502529
Pt44_On	0.103002	0.131305	0.206597	0.117881	0.047361	0.511654
Pt44_Pre	0.102735	0.123949	0.205379	0.119417	0.043445	0.509428
Pt46_On	0.100626	0.129339	0.206020	0.122410	0.060883	0.522118
Pt46_Pre	0.104498	0.131896	0.203399	0.120881	0.061790	0.520139
Pt47_On	0.096341	0.125380	0.195066	0.119912	0.037659	0.513078
Pt47_Pre	0.100037	0.127048	0.192497	0.120120	0.039679	0.514195
Pt48_On	0.105063	0.128241	0.192385	0.119937	0.049637	0.497615
Pt48_Pre	0.107146	0.126053	0.199274	0.109933	0.050200	0.501765
Pt49_On	0.109790	0.137304	0.213961	0.123238	0.050311	0.514222
Pt49_Pre	0.111734	0.134266	0.203535	0.119335	0.041918	0.515283
Pt4_On	0.109778	0.135693	0.211869	0.120572	0.044078	0.513462
Pt4_Pre	0.099964	0.124186	0.197360	0.120218	0.039445	0.498392
Pt52_On	0.100562	0.123246	0.193846	0.118863	0.045138	0.500138
Pt52_Pre	0.102197	0.122808	0.195549	0.119052	0.043999	0.502251
Pt58_On	0.106258	0.126693	0.206753	0.118935	0.040082	0.510762
Pt59_Pre	0.106615	0.125704	0.200413	0.120016	0.046102	0.512949
Pt5_On	0.096255	0.124747	0.197662	0.123011	0.043882	0.504439
Pt5_On.2	0.093077	0.120713	0.197988	0.118085	0.034818	0.499542
Pt5_Pre	0.103451	0.133880	0.200715	0.122029	0.043986	0.505831
Pt5_Pre.2	0.103079	0.131877	0.202524	0.125317	0.052773	0.509781
Pt62_On	0.098293	0.114688	0.191192	0.118181	0.043586	0.495180
Pt62_Pre	0.098296	0.115644	0.188422	0.118531	0.039711	0.494591
Pt65_On	0.106353	0.126711	0.202709	0.119008	0.038471	0.507702
Pt65_Pre	0.110923	0.127983	0.196785	0.117969	0.038042	0.508220
Pt66_Pre	0.093930	0.119205	0.186403	0.120292	0.035425	0.496305
Pt67_On	0.108955	0.126582	0.200529	0.119065	0.037096	0.491425
Pt67_Pre	0.112972	0.125824	0.197219	0.118452	0.035702	0.496854
Pt68_On	0.102597	0.118784	0.187642	0.116318	0.038928	0.489385
Pt69_On	0.114442	0.135354	0.209139	0.123694	0.056973	0.524458
Pt72_Pre	0.095099	0.117069	0.179664	0.120179	0.042384	0.494234
Pt76_Pre	0.098648	0.115671	0.187736	0.123759	0.036166	0.492850
Pt77_On	0.128819	0.149518	0.202653	0.118897	0.035096	0.519517
Pt77_Pre	0.124052	0.141044	0.199395	0.119102	0.037787	0.511665
Pt78_On	0.097790	0.126551	0.197456	0.124381	0.045367	0.501123
Pt78_Pre	0.097577	0.113972	0.176710	0.118211	0.037149	0.485656
Pt78_Pre.2	0.097060	0.119806	0.172699	0.118196	0.035276	0.485750
Pt79_On	0.100104	0.121520	0.199627	0.117929	0.039587	0.500139
Pt79_Pre	0.099840	0.119911	0.196918	0.118155	0.039317	0.497279
Pt80_On	0.101980	0.126985	0.200940	0.119295	0.041976	0.511476
Pt81_On	0.103660	0.132896	0.210247	0.121262	0.046742	0.510167
Pt82_On	0.106201	0.130310	0.200692	0.119029	0.039184	0.512198
Pt82_Pre	0.102763	0.123690	0.196391	0.118155	0.042996	0.507439
Pt84_On	0.095969	0.113744	0.181135	0.117060	0.044983	0.488841
Pt84_Pre	0.096773	0.112382	0.179450	0.117441	0.044135	0.487579
Pt85_On	0.100129	0.122517	0.183461	0.118566	0.040185	0.493843
Pt85_Pre	0.092946	0.116519	0.174905	0.120485	0.041258	0.488882
Pt87_On	0.114116	0.138763	0.212183	0.124951	0.045469	0.522133
Pt89_On	0.103108	0.125063	0.198032	0.119020	0.038006	0.511334
Pt89_Pre	0.101504	0.125463	0.190762	0.118717	0.036328	0.504727
Pt8_On	0.099450	0.121881	0.195939	0.119296	0.040856	0.504810
Pt8_Pre	0.106144	0.125986	0.195210	0.117909	0.041497	0.505255
Pt90_Pre	0.104419	0.121514	0.203002	0.125256	0.037743	0.510976
Pt92_On	0.110073	0.134227	0.218637	0.122325	0.042184	0.515661
Pt92_On.2	0.105741	0.132648	0.212533	0.121527	0.042279	0.512265
Pt92_Pre	0.103841	0.131419	0.201419	0.119808	0.041956	0.508345
Pt92_Pre.2	0.106775	0.133371	0.205108	0.119781	0.040847	0.507863
Pt93_On	0.096181	0.118268	0.188584	0.117440	0.044263	0.495077
Pt94_On	0.102037	0.125143	0.199024	0.118752	0.047769	0.504179
Pt94_Pre	0.108142	0.128226	0.197907	0.117224	0.042506	0.504355
Pt98_On	0.101831	0.124615	0.200961	0.118506	0.045409	0.503643
Pt98_Pre	0.097271	0.119481	0.189590	0.117176	0.044221	0.494192
Pt9_On	0.097871	0.122077	0.185577	0.117455	0.040222	0.504239
Pt9_Pre	0.097734	0.120418	0.190194	0.118154	0.041178	0.506037